%YAML:1.0
---
R: !!opencv-matrix
   rows: 3
   cols: 3
   dt: d
   data: [ 9.9980031514477918e-01, -1.6703662114112908e-02,
       1.0968933784915180e-02, 1.6886556009825679e-02,
       9.9971628813913316e-01, -1.6798436101041096e-02,
       -1.0685226367622020e-02, 1.6980309222487364e-02,
       9.9979872726273333e-01 ]
T: !!opencv-matrix
   rows: 3
   cols: 1
   dt: d
   data: [ -9.8955990899178488e+01, 3.6133363887666181e-01,
       7.1243846433885383e-01 ]
R1: !!opencv-matrix
   rows: 3
   cols: 3
   dt: d
   data: [ 9.9978300768067208e-01, -2.0475667501018410e-02,
       3.8320481960079341e-03, 2.0507117791073049e-02,
       9.9975478604000723e-01, -8.3561899214169306e-03,
       -3.6600099578886318e-03, 8.4329609561217284e-03,
       9.9995774385551961e-01 ]
R2: !!opencv-matrix
   rows: 3
   cols: 3
   dt: d
   data: [ 9.9996741826995184e-01, -3.6513389711767701e-03,
       -7.1993140120943291e-03, 3.7117981933066473e-03,
       9.9995780926487143e-01, 8.4025141696751331e-03,
       7.1683298403001187e-03, -8.4289628019698845e-03,
       9.9993878194286667e-01 ]
P1: !!opencv-matrix
   rows: 3
   cols: 4
   dt: d
   data: [ 1.3602327105589279e+03, 0., 6.4312481689453125e+02, 0., 0.,
       1.3602327105589279e+03, 4.8045650100708008e+02, 0., 0., 0., 1.,
       0. ]
P2: !!opencv-matrix
   rows: 3
   cols: 4
   dt: d
   data: [ 1.3602327105589279e+03, 0., 6.4312481689453125e+02,
       -1.3460756147406457e+04, 0., 1.3602327105589279e+03,
       4.8045650100708008e+02, 0., 0., 0., 1., 0. ]
Q: !!opencv-matrix
   rows: 4
   cols: 4
   dt: d
   data: [ 1., 0., 0., -6.4312481689453125e+02, 0., 1., 0.,
       -4.8045650100708008e+02, 0., 0., 0., 1.3602327105589279e+03, 0.,
       0., 1.0105173109617694e-02, 0. ]
validRoi1: [ 51, 25, 1195, 882 ]
validRoi2: [ 21, 39, 1222, 912 ]
