%YAML:1.0
---
M1: !!opencv-matrix
   rows: 3
   cols: 3
   dt: d
   data: [ 1.4183824545914501e+03, 0., 6.3933526241207358e+02, 0.,
       1.4230667457183690e+03, 4.8097275771914514e+02, 0., 0., 1. ]
D1: !!opencv-matrix
   rows: 1
   cols: 14
   dt: d
   data: [ -6.9394174729812547e-02, 3.3580715818275148e-01, 0., 0., 0.,
       0., 0., 0., 0., 0., 0., 0., 0., 0. ]
M2: !!opencv-matrix
   rows: 3
   cols: 3
   dt: d
   data: [ 1.4183824545914501e+03, 0., 6.4114793770732763e+02, 0.,
       1.4230667457183690e+03, 4.8009521379219797e+02, 0., 0., 1. ]
D2: !!opencv-matrix
   rows: 1
   cols: 14
   dt: d
   data: [ -1.3194950747359313e-01, 4.2818967186494561e-01, 0., 0., 0.,
       0., 0., 0., 0., 0., 0., 0., 0., 0. ]
F: !!opencv-matrix
   rows: 3
   cols: 3
   dt: d
   data: [ -3.1775640283859625e-09, -1.4072214532409104e-07,
       1.7556633167609443e-04, -6.8770814915132955e-08,
       3.3140938030603401e-07, 2.7853642230618640e-02,
       -5.4132251121416833e-04, -2.8031736678498165e-02, 1. ]
